0.543643 -1.55708 10.9798 0 0.020256 0
0.5432 -1.55658 10.9579 0 0.020256 0
0.542073 -1.55526 10.9023 0 0.020256 0
0.540338 -1.55291 10.8167 0 0.020256 0
0.537965 -1.54914 10.6995 0 0.020256 0
0.534887 -1.54504 10.5476 0 0.020256 0
0.5321 -1.54042 10.41 0 0.020256 0
0.527818 -1.53457 10.1986 0 0.020256 0
0.522945 -1.52313 9.95815 0 0.020256 0
0.517295 -1.4985 9.67922 0 0.020256 0
0.511481 -1.47249 9.39226 0 0.020256 0
0.504691 -1.44198 9.05707 0 0.020256 0
0.497189 -1.39712 8.68676 0 0.020256 0
0.490446 -1.34083 8.35393 0 0.020256 0
0.482835 -1.27683 7.97825 0 0.020256 0
0.474836 -1.18506 7.58339 0 0.020256 0
0.466825 -1.08895 7.18797 0 0.020256 0
0.457706 -0.967648 6.73783 0 0.020256 0
0.450595 -0.859644 6.38683 0 0.020256 0
0.441019 -0.721864 5.91416 0 0.020256 0
0.433466 -0.59497 5.54131 0 0.020256 0
0.425637 -0.463997 5.15486 0 0.020256 0
0.418127 -0.339587 4.78416 0 0.020256 0
0.410426 -0.211074 4.40402 0 0.020256 0
0.402095 -0.0700701 3.99281 0 0.020256 0
0.393119 0.0773525 3.54977 0 0.020256 0
0.385496 0.197466 3.17349 0 0.020256 0
0.377832 0.316423 2.79518 0 0.020256 0
0.369763 0.44007 2.39689 0 0.020256 0
0.360676 0.573647 1.94835 0 0.020256 0
0.352765 0.690813 1.55784 0 0.020256 0
0.344601 0.798416 1.15487 0 0.020256 0
0.336638 0.899887 0.761765 0 0.020256 0
0.328752 1.00116 0.372517 0 0.020256 0
0.320468 1.0964 -0.0363807 0 0.020256 0
0.313138 1.1811 -0.398214 0 0.020256 0
0.304891 1.26559 -0.805273 0 0.020256 0
0.295202 1.35295 -1.28353 0 0.020256 0
0.28876 1.41481 -1.60153 0 0.020256 0
0.280852 1.471 -1.9919 0 0.020256 0
0.271598 1.521 -2.44867 0 0.020256 0
0.264321 1.54422 -2.80788 0 0.020256 0
0.254943 1.56356 -3.27079 0 0.020256 0
0.247473 1.56813 -3.63949 0 0.020256 0
0.239449 1.55468 -4.03557 0 0.020256 0
0.231901 1.53848 -4.40815 0 0.020256 0
0.222705 1.49599 -4.86211 0 0.020256 0
0.214886 1.44062 -5.24807 0 0.020256 0
0.207047 1.37305 -5.63497 0 0.020256 0
0.198847 1.29114 -6.03975 0 0.020256 0
0.191287 1.21319 -6.41292 0 0.020256 0
0.182785 1.11173 -6.83262 0 0.020256 0
0.174513 0.991402 -7.2409 0 0.020256 0
0.166666 0.8839 -7.62825 0 0.020256 0
0.158305 0.74774 -8.04096 0 0.020256 0
0.151027 0.638615 -8.40019 0 0.020256 0
0.142054 0.480636 -8.84315 0 0.020256 0
0.134734 0.372507 -9.20444 0 0.020256 0
0.126071 0.245564 -9.63206 0 0.020256 0
0.118642 0.14699 -9.99877 0 0.020256 0
0.0845958 0.0291836 -10.4371 0 0.245029 0
-0.0568542 -0.0964501 -10.8079 0 0.48222 0
-0.240627 -0.212672 -11.159 0 0.48222 0
-0.423643 -0.324231 -11.5086 0 0.48222 0
-0.605448 -0.419643 -11.8559 0 0.48222 0
-0.782669 -0.512728 -12.1945 0 0.48222 0
-0.964867 -0.595804 -12.5426 0 0.48222 0
-1.19508 -0.694441 -12.9521 0 0.660181 0
-1.48298 -0.773132 -13.2493 0 0.834801 0
-1.73641 -0.83571 -13.4789 0 0.834801 0
-2.05274 -0.926764 -13.7654 0 0.834801 0
-2.34908 -0.99807 -14.0338 0 0.834801 0
-2.61491 -1.06199 -14.2746 0 0.834801 0
-2.91984 -1.13125 -14.5508 0 0.834801 0
-3.24374 -1.21004 -14.8442 0 0.834801 0
-3.50453 -1.26793 -15.0804 0 0.834801 0
-3.82482 -1.34224 -15.3705 0 0.834801 0
-4.13339 -1.41212 -15.65 0 0.834801 0
-4.41281 -1.47343 -15.9031 0 0.834801 0
-4.70725 -1.54302 -16.1698 0 0.834801 0
-4.98601 -1.61044 -16.4223 0 0.834801 0
-5.30529 -1.68575 -16.7115 0 0.834801 0
-5.61114 -1.76262 -16.9885 0 0.834801 0
-5.87267 -1.82535 -17.2254 0 0.834801 0
-6.17369 -1.91097 -17.498 0 0.834801 0
-6.46076 -1.99255 -17.7581 0 0.834801 0
-6.78229 -2.08198 -18.0493 0 0.834801 0
-7.05685 -2.16496 -18.298 0 0.834801 0
-7.39341 -2.26211 -18.6028 0 0.834801 0
-7.64771 -2.34951 -18.8663 0 0.612677 0
-7.84512 -2.44256 -19.2047 0 0.489092 0
-8.02684 -2.54055 -19.5461 0 0.489092 0
-8.21737 -2.6455 -19.9041 0 0.431866 0
-8.37237 -2.76447 -20.3277 0 0.325974 0
-8.49091 -2.86519 -20.6784 0 0.325974 0
-8.60756 -2.97014 -21.0385 0 0.204706 0
-8.67691 -3.08007 -21.4695 0 0.150627 0
-8.73563 -3.19491 -21.8564 0 0.150627 0
-8.79023 -3.28599 -22.2161 0 0.150627 0
-8.8594 -3.4079 -22.6718 0 0.0964336 0
-8.866 -3.48757 -23.0305 0 -0.0182018 0
-8.85464 -3.58578 -23.4173 0 -0.132185 0
-8.7643 -3.68179 -23.8376 0 -0.237494 0
-8.65527 -3.75411 -24.1861 0 -0.456911 0
-8.41296 -3.83903 -24.5456 0 -0.783537 0
-8.13532 -3.8978 -24.7701 0 -1.0521 0
-7.76376 -3.95975 -24.9822 0 -1.0521 0
-7.39333 -4.01889 -25.1936 0 -1.0521 0
-7.07011 -4.07354 -25.3781 0 -1.0521 0
-6.70431 -4.13101 -25.587 0 -1.0521 0
-6.37418 -4.1829 -25.7754 0 -1.0521 0
-6.04712 -4.22622 -25.9621 0 -1.0521 0
-5.65958 -4.27893 -26.1833 0 -1.0521 0
-5.35304 -4.31677 -26.3583 0 -1.0521 0
-4.9885 -4.36154 -26.5664 0 -1.0521 0
-4.62482 -4.40315 -26.7783 0 -0.94673 0
-4.30711 -4.44287 -27.0768 0 -0.690645 0
-4.08459 -4.47383 -27.346 0 -0.690645 0
-3.84645 -4.50581 -27.6342 0 -0.690645 0
-3.55758 -4.54447 -27.9837 0 -0.690645 0
-3.33153 -4.57423 -28.2572 0 -0.690645 0
-3.08208 -4.61595 -28.5591 0 -0.690645 0
-2.78866 -4.66176 -28.9141 0 -0.690645 0
-2.55679 -4.70092 -29.1947 0 -0.690645 0
-2.31732 -4.74128 -29.4845 0 -0.690645 0
-2.03346 -4.7901 -29.828 0 -0.690645 0
-1.7904 -4.8359 -30.1221 0 -0.690645 0
-1.53916 -4.87649 -30.4261 0 -0.690645 0
-1.29432 -4.92296 -30.7224 0 -0.690645 0
-1.02276 -4.95993 -31.0509 0 -0.690645 0
-0.785836 -4.99924 -31.3611 0 -0.506407 0
-0.637968 -5.02723 -31.7206 0 -0.292253 0
-0.525174 -5.06794 -32.0955 0 -0.292253 0
-0.40383 -5.09772 -32.4988 0 -0.292253 0
-0.282322 -5.12521 -32.9026 0 -0.292253 0
-0.192528 -5.15643 -33.3225 0 -0.0263386 0
-0.209366 -5.18104 -33.6764 0 0.0785809 0
-0.237743 -5.21045 -34.0368 0 0.0785809 0
-0.270905 -5.23319 -34.4579 0 0.0785809 0
-0.270466 -5.25898 -34.8888 0 -0.184988 0
-0.183046 -5.26598 -35.2623 0 -0.240721 0
-0.082876 -5.27493 -35.6989 0 -0.09482 0
-0.0877483 -5.27929 -36.0591 0 0.176165 0
-0.153691 -5.28133 -36.4296 0 0.176165 0
-0.222377 -5.26975 -36.8154 0 0.176165 0
-0.297318 -5.2599 -37.2364 0 0.176165 0
-0.361314 -5.24716 -37.5959 0 0.176165 0
-0.435932 -5.23555 -38.0151 0 0.176165 0
-0.476069 -5.21415 -38.3884 0 -0.052042 0
-0.433148 -5.19276 -38.8314 0 -0.104959 0
-0.395289 -5.17928 -39.1908 0 -0.104959 0
-0.355327 -5.16492 -39.5701 0 -0.104959 0
-0.303069 -5.14403 -40.0662 0 -0.104959 0
-0.265458 -5.09836 -40.4232 0 -0.104959 0
-0.234378 -4.94462 -40.8284 0 0.0563221 0
-0.282526 -4.75782 -41.1884 0 0.166059 0
-0.34778 -4.53036 -41.6171 0 0.0262241 0
-0.317446 -4.45072 -42.0073 0 -0.140711 0
-0.262814 -4.49098 -42.393 0 -0.140711 0
-0.213114 -4.55206 -42.7439 0 -0.140711 0
-0.150382 -4.774 -43.1868 0 -0.0855045 0
-0.158299 -4.76136 -43.5445 0 0.183603 0
-0.26109 -4.74455 -43.986 0 0.237185 0
-0.346513 -4.73085 -44.3393 0 0.18152 0
-0.375372 -4.71528 -44.7402 0 -0.00533867 0
-0.373027 -4.69847 -45.1795 0 -0.00533867 0
-0.371079 -4.68608 -45.5443 0 -0.00533867 0
-0.368853 -4.67064 -45.9613 0 -0.00533867 0
-0.366723 -4.65274 -46.3603 0 -0.00533867 0
-0.364543 -4.63772 -46.7685 0 -0.00533867 0
-0.362568 -4.62344 -47.1385 0 -0.00533867 0
-0.360245 -4.60725 -47.5737 0 -0.00533867 0
-0.358213 -4.59535 -47.9544 0 -0.00533867 0
-0.356243 -4.57851 -48.3232 0 -0.00533867 0
-0.353775 -4.56146 -48.7857 0 -0.00533867 0
-0.351912 -4.54752 -49.1346 0 -0.00533867 0
-0.349473 -4.5297 -49.5915 0 -0.00533867 0
-0.337658 -4.51926 -49.9288 0 -0.179323 0
-0.226132 -4.50159 -50.3745 0 -0.267958 0
-0.138001 -4.49028 -50.6955 0 -0.267958 0
-0.0304611 -4.47645 -51.0871 0 -0.267958 0
0.0911052 -4.46089 -51.5299 0 -0.267958 0
0.197643 -4.4445 -51.9179 0 -0.267958 0
0.311757 -4.42978 -52.3061 0 -0.415609 0
0.524102 -4.4037 -52.6657 0 -0.730024 0
0.760628 -4.37523 -52.8901 0 -0.9751 0
1.12783 -4.34123 -53.0808 0 -1.28661 0
1.56446 -4.30475 -53.1673 0 -1.40852 0
1.9323 -4.26026 -53.2275 0 -1.40852 0
2.31944 -4.20603 -53.2909 0 -1.40852 0
2.6801 -4.16206 -53.326 0 -1.62652 0
3.06071 -4.10877 -53.2631 0 -1.91669 0
3.42878 -4.04312 -53.0799 0 -2.22622 0
3.73528 -3.99009 -52.7793 0 -2.54941 0
3.94254 -3.92318 -52.3613 0 -2.90097 0
3.99012 -3.8671 -52.0514 0 -3.13665 0
3.96656 -3.82221 -51.6216 0 -3.21569 0
3.93632 -3.76905 -51.2143 0 -3.21569 0
3.90438 -3.72733 -50.8417 0 -3.32893 0
3.77189 -3.6789 -50.4415 0 -3.64645 0
3.55045 -3.63417 -50.1309 0 -3.93342 0
3.27103 -3.58534 -49.9088 0 -4.20191 0
2.90019 -3.54868 -49.7511 0 -4.38227 0
2.48865 -3.28762 -49.6101 0 -4.38227 0
2.09944 -3.42002 -49.5087 0 -4.62898 0
1.74668 -3.13886 -49.5167 0 -4.89437 0
1.32365 -3.32371 -49.6578 0 -5.23029 0
1.02231 -3.27402 -49.8721 0 -5.39831 0
0.72382 -3.23421 -50.1164 0 -5.39831 0
0.405377 -3.16047 -50.4257 0 -5.66479 0
0.225171 -3.11299 -50.7504 0 -5.94414 0
0.138887 -3.05701 -51.1362 0 -6.24167 0
0.155002 -3.02513 -51.5247 0 -6.36154 0
0.222221 -2.97963 -51.9726 0 -6.61551 0
0.383318 -2.95504 -52.3106 0 -6.8973 0
0.622194 -2.93641 -52.5815 0 -7.16895 0
0.95355 -2.90575 -52.8522 0 -7.16895 0
1.26416 -2.85918 -53.106 0 -7.22989 0
1.61214 -2.80045 -53.2981 0 -7.52907 0
1.99759 -2.73113 -53.3788 0 -7.82548 0
2.38563 -2.67804 -53.3589 0 -7.93738 0
2.8039 -2.62102 -53.324 0 -7.93738 0
3.21806 -2.59307 -53.2524 0 -8.20082 0
3.52919 -2.58389 -53.1045 0 -8.45989 0
3.84912 -2.59344 -52.8152 0 -8.78474 0
4.07819 -2.61871 -52.4701 0 -8.85423 0
4.29015 -2.63136 -52.1643 0 -8.68148 0
4.58411 -2.62789 -51.9113 0 -8.38959 0
4.95102 -2.62119 -51.7496 0 -8.08781 0
5.3475 -2.62067 -51.6893 0 -7.97111 0
5.76409 -2.6261 -51.6403 0 -7.97111 0
6.14125 -2.6313 -51.5959 0 -7.97111 0
6.55025 -2.63639 -51.5478 0 -7.97111 0
6.93786 -2.62942 -51.5021 0 -7.97111 0
7.37943 -2.6271 -51.4502 0 -7.97111 0
7.73157 -2.62476 -51.4087 0 -7.97111 0
8.11985 -2.62355 -51.3631 0 -7.97111 0
8.5322 -2.62213 -51.3145 0 -7.97111 0
8.98032 -2.62028 -51.2683 0 -7.83148 0
9.33345 -2.57782 -51.3143 0 -7.61815 0
9.74427 -2.40939 -51.413 0 -7.61815 0
10.0869 -2.27032 -51.4953 0 -7.61815 0
10.5569 -2.08837 -51.6083 0 -7.68803 0
10.8677 -2.00945 -51.6328 0 -7.92238 0
11.3137 -2.00944 -51.5823 0 -7.97505 0
11.6737 -2.00936 -51.5385 0 -7.97505 0
12.0949 -2.00935 -51.4872 0 -7.97505 0
12.4877 -2.00931 -51.4394 0 -7.97505 0
12.8612 -2.00913 -51.394 0 -7.97505 0
13.2927 -2.00907 -51.3415 0 -7.97505 0
13.6604 -1.97675 -51.3013 0 -7.85892 0
14.0656 -1.81077 -51.3493 0 -7.61453 0
14.4839 -1.64086 -51.4514 0 -7.61453 0
14.8483 -1.47836 -51.5286 0 -7.77488 0
15.2869 -1.3838 -51.5272 0 -7.88488 0
15.6679 -1.38379 -51.5154 0 -7.88488 0
16.0862 -1.38378 -51.5024 0 -7.88488 0
16.4327 -1.38377 -51.4917 0 -7.88488 0
16.8804 -1.38398 -51.4779 0 -7.88488 0
17.2712 -1.38401 -51.4658 0 -7.88488 0
17.6512 -1.3838 -51.4541 0 -7.88488 0
18.0808 -1.32204 -51.4408 0 -7.88488 0
18.4736 -1.15816 -51.4286 0 -7.88488 0
18.8662 -0.992988 -51.4165 0 -7.88488 0
19.2779 -0.818949 -51.4038 0 -7.88488 0
19.6284 -0.75216 -51.393 0 -7.88488 0
20.0863 -0.736918 -51.3788 0 -7.88488 0
20.4298 -0.726835 -51.3682 0 -7.88488 0
20.8918 -0.71132 -51.3539 0 -7.88488 0
21.266 -0.698124 -51.3423 0 -7.88488 0
21.6384 -0.68579 -51.3308 0 -7.93977 0
22.021 -0.674161 -51.252 0 -8.23373 0
22.3805 -0.637414 -51.0543 0 -8.46733 0
22.706 -0.58311 -50.8252 0 -8.46733 0
23.0636 -0.522652 -50.5735 0 -8.46733 0
23.3728 -0.452271 -50.3558 0 -8.52295 0
23.6625 -0.362018 -50.0619 0 -8.83361 0
23.8433 -0.259656 -49.7075 0 -9.13316 0
23.9119 -0.144513 -49.3113 0 -9.4359 0
23.8709 -0.0603274 -48.9619 0 -9.70046 0
23.7456 0.012437 -48.5841 0 -9.75478 0
23.5938 0.0842838 -48.1408 0 -9.75478 0
23.4696 0.13564 -47.7781 0 -9.75478 0
23.3513 0.176434 -47.4328 0 -9.75478 0
23.2228 0.229377 -47.0578 0 -9.75478 0
23.0957 0.267939 -46.6866 0 -9.75478 0
22.9673 0.305461 -46.3117 0 -9.75478 0
22.8223 0.342841 -45.8885 0 -9.75478 0
22.6942 0.37018 -45.5145 0 -9.75478 0
22.5756 0.391119 -45.1684 0 -9.75478 0
22.4505 0.426734 -44.8029 0 -9.75478 0
22.2977 0.466603 -44.3569 0 -9.75478 0
22.1725 0.507274 -43.9914 0 -9.69412 0
22.113 0.550777 -43.5912 0 -9.38959 0
22.127 0.592149 -43.1955 0 -9.38959 0
22.1396 0.628619 -42.8353 0 -9.38959 0
22.1548 0.671695 -42.4035 0 -9.38959 0
22.1677 0.670056 -42.0374 0 -9.38959 0
22.1836 0.640097 -41.5872 0 -9.38959 0
22.1967 0.619113 -41.2138 0 -9.38959 0
22.2093 0.610318 -40.8552 0 -9.38959 0
22.2268 0.606554 -40.3596 0 -9.38959 0
22.2375 0.607963 -40.0544 0 -9.38959 0
22.2536 0.607672 -39.5991 0 -9.38959 0
22.2675 0.607875 -39.2033 0 -9.38959 0
22.2803 0.608005 -38.8388 0 -9.38959 0
22.289 0.60783 -38.4397 0 -9.51763 0
22.1956 0.607688 -38.0237 0 -9.77844 0
22.0592 0.607717 -37.6544 0 -9.77844 0
21.907 0.60676 -37.2422 0 -9.77844 0
21.7948 0.60777 -36.9383 0 -9.77844 0
21.6234 0.606725 -36.4739 0 -9.77844 0
21.519 0.607994 -36.1911 0 -9.77844 0
21.3731 0.607827 -35.796 0 -9.72169 0
21.3033 0.607901 -35.4104 0 -9.42674 0
21.3544 0.607551 -34.9486 0 -9.26442 0
21.4146 0.607922 -34.5763 0 -9.26442 0
21.4731 0.607853 -34.2144 0 -9.26442 0
21.5372 0.608004 -33.8182 0 -9.26442 0
21.6033 0.60786 -33.4093 0 -9.26442 0
21.6644 0.607979 -33.0319 0 -9.26442 0
21.6919 0.607092 -32.5641 0 -9.56423 0
21.602 0.607821 -32.2107 0 -9.7816 0
21.4669 0.607909 -31.8483 0 -9.7816 0
21.3391 0.607898 -31.5053 0 -9.7816 0
21.1853 0.607955 -31.0929 0 -9.7816 0
21.0588 0.607921 -30.7534 0 -9.7816 0
20.909 0.609871 -30.3517 0 -9.7816 0
20.7815 0.631933 -30.0096 0 -9.7816 0
20.6297 0.656887 -29.6025 0 -9.7816 0
20.5012 0.678595 -29.2576 0 -9.7816 0
20.3624 0.702478 -28.8855 0 -9.7816 0
20.2017 0.726805 -28.4543 0 -9.7816 0
20.063 0.751893 -28.0822 0 -9.7816 0
19.9133 0.77352 -27.6807 0 -9.7816 0
19.7903 0.791953 -27.3507 0 -9.7816 0
19.6402 0.816554 -26.9481 0 -9.7816 0
19.5326 0.839187 -26.5853 0 -9.55358 0
19.5258 0.860782 -26.2187 0 -9.27777 0
19.6227 0.881868 -25.8551 0 -8.99463 0
19.8769 0.905727 -25.4571 0 -8.75725 0
20.125 0.923848 -25.1424 0 -8.75725 0
20.3676 0.942057 -24.8346 0 -8.75725 0
20.5964 0.959413 -24.5444 0 -8.75725 0
20.8405 0.975399 -24.2346 0 -8.75725 0
21.0858 0.994956 -23.9235 0 -8.75725 0
21.3205 1.01329 -23.6256 0 -8.75725 0
21.55 1.03186 -23.2282 0 -9.10313 0
21.6402 1.04801 -22.8696 0 -9.20835 0
21.7281 1.05268 -22.4699 0 -9.20835 0
21.8114 1.05285 -22.0912 0 -9.20835 0
21.9025 1.05296 -21.6765 0 -9.20835 0
21.9744 1.05279 -21.2757 0 -9.39844 0
21.9569 1.05195 -20.9185 0 -9.50593 0
21.9251 1.05055 -20.5273 0 -9.50593 0
21.8896 1.04986 -20.0914 0 -9.50593 0
21.8602 1.04876 -19.7295 0 -9.50593 0
21.8234 1.04724 -19.2771 0 -9.50593 0
21.8054 1.04579 -18.8864 0 -9.32965 0
21.8688 1.0454 -18.5214 0 -9.22117 0
21.9565 1.03584 -18.0963 0 -9.2767 0
21.9713 1.01206 -17.7031 0 -9.57277 0
21.9158 0.962253 -17.3306 0 -9.57277 0
21.8614 0.887869 -16.9662 0 -9.57277 0
21.8011 0.775856 -16.5615 0 -9.51759 0
21.8165 0.624237 -16.1337 0 -9.19518 0
21.9003 0.467236 -15.7751 0 -9.19518 0
22.0007 0.241042 -15.3456 0 -9.19518 0
22.0859 0.241037 -14.981 0 -9.19518 0
22.1825 0.245401 -14.5678 0 -9.19518 0
22.2643 0.253343 -14.2179 0 -9.19518 0
22.3544 0.257854 -13.8323 0 -9.19518 0
22.4576 0.258179 -13.3909 0 -9.19518 0
22.5449 0.251277 -13.0174 0 -9.19518 0
22.627 0.242432 -12.6659 0 -9.19518 0
22.7237 0.259451 -12.252 0 -9.19518 0
22.8193 0.276314 -11.8431 0 -9.19518 0
22.8998 0.276252 -11.4986 0 -9.19518 0
22.9965 0.269065 -11.085 0 -9.19518 0
23.0944 0.247577 -10.6661 0 -9.19518 0
23.1848 0.25187 -10.279 0 -9.19518 0
23.3125 0.271762 -9.9221 0 -8.90999 0
23.5778 0.277768 -9.57451 0 -8.64469 0
23.8157 0.277971 -9.33407 0 -8.64469 0
24.0955 0.272133 -9.05128 0 -8.64469 0
24.3839 0.265537 -8.75981 0 -8.64469 0
24.6625 0.259216 -8.47823 0 -8.64469 0
24.9416 0.252809 -8.19611 0 -8.64469 0
25.231 0.245155 -7.84578 0 -8.93199 0
25.36 0.240414 -7.54051 0 -9.10925 0
25.4933 0.241213 -7.13224 0 -9.10925 0
25.6077 0.24119 -6.7819 0 -9.10925 0
25.7181 0.240876 -6.39333 0 -9.29692 0
25.7305 0.241064 -5.98769 0 -9.45817 0
25.6963 0.240262 -5.51692 0 -9.66293 0
25.5679 0.24029 -5.13175 0 -9.78098 0
25.4423 0.241204 -4.79425 0 -9.78098 0
25.3175 0.241125 -4.45867 0 -9.78098 0
25.1678 0.241217 -4.05652 0 -9.78098 0
25.0296 0.239834 -3.68514 0 -9.78098 0
24.8868 0.241216 -3.31208 0 -9.88792 0
24.6842 0.240735 -2.97551 0 -9.99656 0
24.4502 0.24117 -2.61191 0 -9.99656 0
24.2439 0.241182 -2.29131 0 -9.99656 0
24.0459 0.241164 -1.98356 0 -9.99656 0
23.8315 0.240599 -1.65037 0 -9.99656 0
23.5725 0.240333 -1.24788 0 -9.99656 0
23.3399 0.239908 -0.917963 0 -10.1944 0
23.0798 0.22846 -0.649531 0 -10.1944 0
22.7933 0.152571 -0.353868 0 -10.1944 0
22.5338 0.0846892 -0.0860502 0 -10.1944 0
22.2738 -0.0225845 0.182206 0 -10.1944 0
21.9499 -0.166516 0.516552 0 -10.1944 0
21.7321 -0.277365 0.741315 0 -10.1944 0
21.4194 -0.436787 1.06395 0 -10.1944 0
21.1465 -0.588968 1.34559 0 -10.1944 0
20.8917 -0.756894 1.60858 0 -10.1944 0
20.5917 -0.959993 1.91821 0 -10.1944 0
20.3369 -1.12569 2.18111 0 -10.1944 0
20.0601 -1.29765 2.48505 0 -10.025 0
19.8798 -1.45951 2.82827 0 -9.73316 0
19.7419 -1.63067 3.26113 0 -9.73316 0
19.6246 -1.76262 3.62946 0 -9.78972 0
19.4456 -1.87562 3.97236 0 -10.0809 0
19.1801 -1.96769 4.31721 0 -10.0809 0
18.9661 -2.0124 4.59518 0 -10.0809 0
18.6973 -2.0499 4.94436 0 -10.0809 0
18.4744 -2.05949 5.23388 0 -10.0809 0
18.2061 -2.01474 5.58241 0 -10.0809 0
17.9622 -1.91932 5.89916 0 -10.0809 0
17.7268 -1.74943 6.20496 0 -10.0809 0
17.5029 -1.73084 6.49572 0 -10.0809 0
17.2391 -1.78105 6.83837 0 -10.0809 0
17.0183 -1.85007 7.12523 0 -10.0809 0
16.7479 -1.96871 7.47637 0 -10.0809 0
16.5271 -2.09238 7.76321 0 -10.0809 0
16.2413 -2.28991 8.13447 0 -10.0809 0
16.0062 -2.46565 8.43978 0 -10.0809 0
15.8055 -2.46592 8.70058 0 -10.0809 0
15.5194 -2.37627 9.0722 0 -10.0809 0
15.3144 -2.37696 9.33844 0 -10.0809 0
15.018 -2.37755 9.72346 0 -10.0809 0
14.7921 -2.37691 10.0168 0 -10.0809 0
14.5545 -2.37632 10.3255 0 -10.0809 0
14.3122 -2.46538 10.6402 0 -10.0809 0
14.0986 -2.46534 10.9177 0 -10.0809 0
13.8427 -2.46533 11.25 0 -10.0809 0
13.5852 -2.46543 11.5845 0 -10.0809 0
13.328 -2.46619 11.9186 0 -10.0809 0
13.0811 -2.44495 12.2392 0 -10.0809 0
12.8778 -2.38529 12.5034 0 -10.0809 0
12.6148 -2.38561 12.845 0 -10.0809 0
12.3703 -2.38534 13.1625 0 -10.0809 0
12.1324 -2.38529 13.4715 0 -10.0809 0
11.8833 -2.38505 13.7951 0 -10.0809 0
11.6245 -2.46536 14.1313 0 -10.0809 0
11.3703 -2.46552 14.4615 0 -10.0809 0
11.1346 -2.46558 14.7676 0 -10.0809 0
10.891 -2.46553 15.084 0 -10.0809 0
10.6716 -2.46535 15.369 0 -10.0809 0
10.4072 -2.46569 15.7125 0 -10.0809 0
10.1546 -2.46536 16.0405 0 -10.0809 0
9.93923 -2.42054 16.3203 0 -10.0809 0
9.67737 -2.39466 16.6604 0 -10.0809 0
9.42132 -2.37989 16.993 0 -10.0809 0
9.20842 -2.37517 17.2696 0 -10.0809 0
8.96996 -2.37501 17.5793 0 -10.0809 0
8.70277 -2.37456 17.9264 0 -10.0809 0
8.46236 -2.3736 18.2386 0 -10.0809 0
8.21699 -2.37225 18.5573 0 -10.0809 0
7.98071 -2.36921 18.8643 0 -10.0809 0
7.72583 -2.3643 19.1953 0 -10.0809 0
7.4864 -2.35824 19.5063 0 -10.0809 0
7.24702 -2.34945 19.8172 0 -10.0809 0
6.99345 -2.33469 20.1466 0 -10.0809 0
6.79199 -2.31914 20.4844 0 -9.78484 0
6.6973 -2.30166 20.8708 0 -9.54845 0
6.64801 -2.28222 21.2673 0 -9.54845 0
6.59893 -2.26165 21.6621 0 -9.54845 0
6.55129 -2.23931 22.0454 0 -9.54845 0
6.45862 -2.21698 22.423 0 -9.84105 0
6.26293 -2.19215 22.7627 0 -10.0194 0
6.02594 -2.16529 23.1131 0 -10.0194 0
5.75788 -2.1383 23.5094 0 -10.0194 0
5.58852 -2.11366 23.7598 0 -10.0757 0
5.26258 -2.0836 24.08 0 -10.42 0
4.94549 -2.0601 24.2406 0 -10.6873 0
4.5364 -2.03785 24.3363 0 -10.7914 0
4.12356 -2.0188 24.4218 0 -10.7914 0
3.71702 -1.99355 24.506 0 -10.7914 0
3.3931 -1.9723 24.573 0 -10.7914 0
2.9848 -1.94065 24.6575 0 -10.7914 0
2.60361 -1.91315 24.6916 0 -11.0795 0
2.21693 -1.89337 24.6123 0 -11.3765 0
1.8148 -1.87466 24.4278 0 -11.4365 0
1.49543 -1.86026 24.2771 0 -11.4365 0
1.11534 -1.84068 24.0977 0 -11.4365 0
0.747031 -1.81606 23.9239 0 -11.4365 0
0.392138 -1.79015 23.7564 0 -11.4365 0
0.0324638 -1.76106 23.5268 0 -11.7578 0
-0.229062 -1.7468 23.2066 0 -12.069 0
-0.37331 -1.74488 22.846 0 -12.3613 0
-0.412702 -1.76133 22.4437 0 -12.5349 0
-0.42432 -1.73796 22.0743 0 -12.5349 0
-0.437355 -1.71111 21.66 0 -12.5349 0
-0.449898 -1.68798 21.2612 0 -12.5349 0
-0.461431 -1.66714 20.8946 0 -12.5349 0
-0.474691 -1.63295 20.473 0 -12.5349 0
-0.487648 -1.60093 20.0611 0 -12.5349 0
-0.499233 -1.56628 19.6928 0 -12.5349 0
-0.513016 -1.54109 19.2546 0 -12.5349 0
-0.524872 -1.53142 18.8777 0 -12.5349 0
-0.496266 -1.52976 18.4314 0 -12.8187 0
-0.394695 -1.5256 18.1084 0 -12.8923 0
-0.266114 -1.50911 17.728 0 -12.8923 0
-0.138501 -1.50196 17.3505 0 -12.8923 0
-0.00872871 -1.49254 16.9666 0 -12.8923 0
0.0983505 -1.48654 16.5568 0 -12.6471 0
0.129888 -1.48199 16.167 0 -12.6471 0
0.160518 -1.47511 15.7884 0 -12.6471 0
0.199665 -1.47103 15.3045 0 -12.6471 0
0.223719 -1.46875 15.0072 0 -12.6471 0
0.26107 -1.47008 14.5456 0 -12.6471 0
0.289785 -1.46832 14.1906 0 -12.6471 0
0.323985 -1.46588 13.7679 0 -12.6471 0
0.355712 -1.46327 13.3758 0 -12.6471 0
0.385761 -1.46693 13.0044 0 -12.6471 0
0.417823 -1.46944 12.6081 0 -12.6471 0
0.454748 -1.47908 12.1517 0 -12.6471 0
0.459349 -1.50817 11.7779 0 -12.4206 0
0.405276 -1.53737 11.4096 0 -12.4206 0
0.341701 -1.55836 10.9765 0 -12.4206 0
0.311904 -1.54676 10.5479 0 -12.6775 0
0.3766 -1.53494 10.2158 0 -12.8205 0
0.476364 -1.51156 9.83181 0 -12.8205 0
0.58437 -1.47315 9.41608 0 -12.8205 0
0.683568 -1.43739 9.00749 0 -12.6783 0
0.680974 -1.3747 8.61269 0 -12.4376 0
0.629228 -1.30676 8.21298 0 -12.4376 0
0.583998 -1.24466 7.8636 0 -12.4376 0
0.528827 -1.14183 7.43744 0 -12.4376 0
0.478644 -1.04762 7.0498 0 -12.4376 0
0.42235 -0.946748 6.61495 0 -12.5325 0
0.450042 -0.816184 6.25085 0 -12.7544 0
0.52009 -0.702788 5.88266 0 -12.7544 0
0.591268 -0.582405 5.50854 0 -12.7544 0
0.654228 -0.447222 5.10572 0 -12.5799 0
0.596372 -0.296576 4.65731 0 -12.2973 0
0.502079 -0.178199 4.31543 0 -12.2973 0
0.388727 -0.0407688 3.90444 0 -12.3535 0
0.348564 0.076743 3.5529 0 -12.6197 0
0.394522 0.224262 3.08827 0 -12.6731 0
0.433175 0.341962 2.72758 0 -12.6731 0
0.472768 0.442513 2.35811 0 -12.6731 0
0.495604 0.590828 1.89322 0 -12.441 0
0.41427 0.704194 1.49985 0 -12.334 0
0.322126 0.810948 1.11049 0 -12.391 0
0.299472 0.913768 0.721773 0 -12.684 0
0.346447 1.01465 0.324332 0 -12.684 0
0.391961 1.10503 -0.0607439 0 -12.684 0
0.441239 1.20133 -0.477672 0 -12.684 0
0.482117 1.27859 -0.857649 0 -12.5743 0
0.445264 1.34651 -1.21944 0 -12.3564 0
0.353624 1.42021 -1.64954 0 -12.3564 0
0.289495 1.47372 -2.00686 0 -12.5191 0
0.288179 1.51935 -2.43509 0 -12.572 0
0.290244 1.54375 -2.80157 0 -12.572 0
0.292632 1.56293 -3.22552 0 -12.572 0
0.294761 1.56886 -3.60335 0 -12.572 0
0.297435 1.55256 -4.07795 0 -12.572 0
0.29945 1.53647 -4.43561 0 -12.572 0
0.301582 1.49929 -4.81405 0 -12.572 0
0.304065 1.43909 -5.25493 0 -12.572 0
0.306112 1.3702 -5.61827 0 -12.572 0
0.30832 1.29608 -6.01014 0 -12.572 0
0.310717 1.20358 -6.43561 0 -12.572 0
0.31283 1.12208 -6.81067 0 -12.572 0
0.315481 0.995524 -7.2813 0 -12.572 0
0.317363 0.90313 -7.61534 0 -12.572 0
0.319607 0.779327 -8.01353 0 -12.572 0
0.321794 0.655508 -8.40186 0 -12.572 0
0.324145 0.519585 -8.81903 0 -12.572 0
0.326306 0.41635 -9.20263 0 -12.572 0
0.328499 0.299279 -9.59188 0 -12.572 0
0.330959 0.195031 -10.0286 0 -12.572 0
0.320958 0.0888275 -10.4099 0 -12.4065 0
0.202952 -0.0344592 -10.8121 0 -12.091 0
-0.0263449 -0.173467 -11.1981 0 -12.0116 0
-0.216639 -0.286383 -11.5052 0 -12.0116 0
-0.422863 -0.391266 -11.8379 0 -12.0116 0
-0.622303 -0.483196 -12.1598 0 -12.0116 0
-0.820104 -0.567462 -12.479 0 -12.0116 0
-1.05793 -0.664218 -12.8628 0 -12.0116 0
-1.26824 -0.739793 -13.1762 0 -11.8354 0
-1.56326 -0.817955 -13.4358 0 -11.5971 0
-1.91571 -0.896622 -13.6777 0 -11.5971 0
-2.24564 -0.96433 -13.9042 0 -11.5971 0
-2.53508 -1.02429 -14.1028 0 -11.5971 0
-2.87595 -1.09099 -14.3368 0 -11.5971 0
-3.197 -1.15435 -14.5572 0 -11.5971 0
-3.58254 -1.22731 -14.8218 0 -11.5971 0
-3.91141 -1.29015 -15.0476 0 -11.5971 0
-4.2395 -1.35319 -15.2728 0 -11.5971 0
-4.56971 -1.41703 -15.4995 0 -11.5971 0
-4.91239 -1.48054 -15.7347 0 -11.5971 0
-5.17117 -1.53294 -15.9123 0 -11.5971 0
-5.50287 -1.60289 -16.1474 0 -11.7346 0
-5.76427 -1.67784 -16.4502 0 -11.9838 0
-6.01034 -1.76159 -16.8237 0 -11.9838 0
-6.22067 -1.84168 -17.143 0 -11.9838 0
-6.42636 -1.9262 -17.4552 0 -11.9838 0
-6.66389 -2.02118 -17.8157 0 -11.9838 0
-6.89493 -2.11845 -18.1664 0 -11.9838 0
-7.08734 -2.2035 -18.4585 0 -11.9838 0
-7.31901 -2.30292 -18.8101 0 -11.9838 0
-7.54851 -2.40875 -19.1585 0 -11.9838 0
-7.74116 -2.49665 -19.4509 0 -11.9838 0
-7.99665 -2.61712 -19.8387 0 -11.9838 0
-8.18395 -2.69898 -20.123 0 -11.9838 0
-8.43231 -2.81871 -20.5 0 -11.9838 0
-8.64154 -2.91202 -20.8176 0 -11.9838 0
-8.85284 -3.00871 -21.171 0 -12.1853 0
-8.95206 -3.10609 -21.5314 0 -12.4053 0
-9.02223 -3.22235 -21.9632 0 -12.4053 0
-9.04151 -3.31348 -22.3175 0 -12.6722 0
-8.99542 -3.42095 -22.7516 0 -12.6722 0
-8.93448 -3.51079 -23.1053 0 -12.8881 0
-8.77581 -3.61052 -23.5168 0 -12.9439 0
-8.5633 -3.70627 -23.8979 0 -13.1995 0
-8.3666 -3.77394 -24.1659 0 -13.1995 0
-8.12447 -3.84516 -24.4521 0 -13.4278 0
-7.78447 -3.92064 -24.7083 0 -13.5156 0
-7.44979 -3.98092 -24.948 0 -13.5156 0
-7.13493 -4.04483 -25.1735 0 -13.5156 0
-6.82912 -4.09896 -25.3926 0 -13.5156 0
-6.43534 -4.166 -25.6746 0 -13.5156 0
-6.13306 -4.21257 -25.8912 0 -13.5156 0
-5.82927 -4.25834 -26.1088 0 -13.5156 0
-5.4961 -4.30126 -26.3474 0 -13.5156 0
-5.20255 -4.3413 -26.5577 0 -13.5156 0
-4.84936 -4.38375 -26.8107 0 -13.5156 0
-4.55291 -4.4192 -27.023 0 -13.5156 0
-4.22515 -4.45555 -27.2578 0 -13.5156 0
-3.88407 -4.49545 -27.5021 0 -13.5156 0
-3.53105 -4.53818 -27.755 0 -13.5156 0
-3.21259 -4.57507 -27.9831 0 -13.5156 0
-2.91203 -4.6131 -28.1984 0 -13.5156 0
-2.55134 -4.65526 -28.4567 0 -13.5156 0
-2.25231 -4.69371 -28.6709 0 -13.5156 0
-1.95781 -4.72828 -28.8973 0 -13.3473 0
-1.68797 -4.77223 -29.255 0 -13.0098 0
-1.56762 -4.80364 -29.5918 0 -12.7407 0
-1.49297 -4.84725 -30.0157 0 -12.7407 0
-1.41979 -4.88421 -30.4312 0 -12.7407 0
-1.35029 -4.93117 -30.8259 0 -12.7407 0
-1.28419 -4.96874 -31.2012 0 -12.7407 0
-1.21606 -5.01537 -31.5881 0 -12.7407 0
-1.15024 -5.05654 -31.9618 0 -12.7407 0
-1.07919 -5.10138 -32.3653 0 -12.7407 0
-1.00338 -5.14486 -32.7958 0 -12.7407 0
-0.931134 -5.18137 -33.206 0 -12.7407 0
-0.865042 -5.21234 -33.5813 0 -12.7407 0
-0.803962 -5.23728 -33.9282 0 -12.7407 0
-0.735202 -5.25846 -34.3186 0 -12.7407 0
-0.660069 -5.27994 -34.7452 0 -12.7407 0
-0.591102 -5.29126 -35.1368 0 -12.7407 0
-0.527698 -5.30055 -35.4969 0 -12.7407 0
-0.459705 -5.30431 -35.883 0 -12.7407 0
-0.385351 -5.29566 -36.3052 0 -12.7407 0
-0.304242 -5.28009 -36.7657 0 -12.7407 0
-0.249789 -5.26422 -37.075 0 -12.7407 0
-0.196764 -5.24604 -37.4566 0 -12.5628 0
-0.24778 -5.23336 -37.8892 0 -12.3832 0
-0.325399 -5.21389 -38.3083 0 -12.3832 0
-0.391421 -5.19542 -38.6648 0 -12.3832 0
-0.416599 -5.1843 -39.0663 0 -12.6862 0
-0.352724 -5.17062 -39.4503 0 -12.7418 0
-0.274966 -5.14976 -39.8889 0 -12.7418 0
-0.216059 -5.12756 -40.2212 0 -12.7418 0
-0.134807 -5.02627 -40.6796 0 -12.6708 0
-0.124928 -4.83379 -41.0459 0 -12.5595 0
-0.127758 -4.62424 -41.4583 0 -12.5595 0
-0.130262 -4.45144 -41.8231 0 -12.5595 0
-0.133147 -4.48303 -42.2435 0 -12.5595 0
-0.136119 -4.54967 -42.6764 0 -12.5595 0
-0.139118 -4.65339 -43.1134 0 -12.5595 0
-0.141704 -4.76461 -43.4902 0 -12.5595 0
-0.144044 -4.75073 -43.8312 0 -12.5595 0
-0.147124 -4.73323 -44.2799 0 -12.5595 0
-0.149567 -4.71986 -44.6359 0 -12.5595 0
-0.152667 -4.70368 -45.0876 0 -12.5595 0
-0.155359 -4.6882 -45.4798 0 -12.5595 0
-0.158051 -4.67396 -45.872 0 -12.5595 0
-0.160726 -4.65902 -46.2617 0 -12.5595 0
-0.163455 -4.64413 -46.6594 0 -12.5595 0
-0.165974 -4.63282 -47.0264 0 -12.5595 0
-0.168672 -4.61588 -47.4196 0 -12.5595 0
-0.171622 -4.60055 -47.8494 0 -12.5595 0
-0.174348 -4.58537 -48.2465 0 -12.5595 0
-0.177015 -4.56969 -48.6352 0 -12.5595 0
-0.179705 -4.55431 -49.0271 0 -12.5595 0
-0.182828 -4.53621 -49.4822 0 -12.5595 0
-0.18534 -4.52227 -49.8481 0 -12.5595 0
-0.188288 -4.50567 -50.2777 0 -12.5595 0
-0.191007 -4.48909 -50.6738 0 -12.5595 0
-0.193528 -4.47342 -51.0411 0 -12.5595 0
-0.171479 -4.45861 -51.4137 0 -12.7817 0
-0.0107374 -4.44201 -51.8423 0 -13.1266 0
0.196822 -4.43558 -52.1222 0 -13.2439 0
0.44415 -4.41938 -52.4296 0 -13.2439 0
0.691478 -4.39346 -52.737 0 -13.2439 0
0.943703 -4.35206 -53.0506 0 -13.2439 0
1.24893 -4.29564 -53.4078 0 -13.4207 0
1.57358 -4.24923 -53.6291 0 -13.7164 0
1.94381 -4.19615 -53.7452 0 -14.0084 0
2.32753 -4.15891 -53.7504 0 -14.2972 0
2.71502 -4.12698 -53.6384 0 -14.6008 0
3.06933 -4.08865 -53.4094 0 -14.7737 0
3.35833 -4.044 -53.1958 0 -14.7737 0
3.70759 -3.99392 -52.9328 0 -14.8817 0
3.93828 -3.93509 -52.675 0 -15.142 0
4.12277 -3.87147 -52.2684 0 -15.4785 0
4.16648 -3.81725 -51.8734 0 -15.7776 0
4.10481 -3.78981 -51.5261 0 -16.0429 0
3.9614 -3.75886 -51.1668 0 -16.0984 0
3.7896 -3.72656 -50.7493 0 -16.0984 0
3.64801 -3.68331 -50.4053 0 -16.0984 0
3.44141 -3.62583 -50.041 0 -16.4137 0
3.17151 -3.56587 -49.7877 0 -16.6922 0
2.83223 -3.52189 -49.6114 0 -16.98 0
2.40464 -3.45796 -49.5353 0 -17.3071 0
2.03063 -3.41911 -49.5859 0 -17.5911 0
1.65884 -3.13892 -49.7511 0 -17.757 0
1.27521 -3.19238 -49.95 0 -17.757 0
0.908388 -3.26955 -50.1401 0 -17.757 0
0.551485 -3.20166 -50.3316 0 -17.8898 0
0.298516 -3.13759 -50.5466 0 -18.1394 0
0.0493867 -3.07328 -50.9337 0 -18.4862 0
-0.0528199 -3.01341 -51.3373 0 -18.7999 0
-0.0312562 -2.97645 -51.6995 0 -19.0728 0
0.0972155 -2.95263 -52.0635 0 -19.3633 0
0.334574 -2.93773 -52.3864 0 -19.6649 0
0.62606 -2.93125 -52.606 0 -19.9394 0
1.03503 -2.91275 -52.8194 0 -19.9394 0
1.35096 -2.87844 -52.9842 0 -19.9394 0
1.73369 -2.60295 -53.1839 0 -19.9394 0
2.10076 -2.71888 -53.3755 0 -19.9394 0
2.45495 -2.64905 -53.5553 0 -20.0544 0
2.81639 -2.5828 -53.649 0 -20.3353 0
3.1796 -2.54878 -53.6402 0 -20.6086 0
3.62226 -2.53895 -53.486 0 -20.9619 0
3.89669 -2.54627 -53.2827 0 -21.2187 0
4.17354 -2.57212 -52.961 0 -21.3026 0
4.4043 -2.60133 -52.6806 0 -21.3026 0
4.68374 -2.61933 -52.341 0 -21.3026 0
4.93098 -2.62224 -52.062 0 -21.1271 0
5.26905 -2.61681 -51.8381 0 -20.8218 0
5.63131 -2.6275 -51.7175 0 -20.7072 0
6.03229 -2.62995 -51.5992 0 -20.7072 0
6.45844 -2.63295 -51.4735 0 -20.7072 0
6.81059 -2.62985 -51.3819 0 -20.5444 0
7.18953 -2.62611 -51.378 0 -20.3118 0
7.58222 -2.62596 -51.4209 0 -20.3118 0
8.02973 -2.62339 -51.4696 0 -20.3118 0
8.41435 -2.62343 -51.5065 0 -20.434 0
8.79693 -2.62094 -51.4608 0 -20.6147 0
9.16487 -2.61934 -51.3883 0 -20.6147 0
9.55401 -2.49183 -51.3117 0 -20.6147 0
10.0195 -2.3175 -51.2201 0 -20.6147 0
10.3423 -2.16632 -51.1565 0 -20.6147 0
10.7642 -2.0093 -51.0735 0 -20.5595 0
11.1431 -2.00919 -51.0639 0 -20.2742 0
11.5174 -2.00984 -51.1357 0 -20.2208 0
11.9655 -2.00919 -51.2263 0 -20.2208 0
12.3098 -2.00916 -51.296 0 -20.2208 0
12.729 -2.0091 -51.3427 0 -20.4858 0
13.148 -2.00902 -51.2966 0 -20.5389 0
13.5525 -2.01033 -51.2484 0 -20.5389 0
13.9233 -1.86546 -51.2043 0 -20.5389 0
14.342 -1.69 -51.1544 0 -20.4862 0
14.6955 -1.54367 -51.1688 0 -20.22 0
15.0855 -1.3841 -51.2479 0 -20.22 0
15.4714 -1.38404 -51.2991 0 -20.4513 0
15.9101 -1.3839 -51.2368 0 -20.6154 0
16.2656 -1.38388 -51.1666 0 -20.6154 0
16.7027 -1.38387 -51.0802 0 -20.6154 0
17.0752 -1.38378 -51.0493 0 -20.3341 0
17.4902 -1.38381 -51.1034 0 -20.2822 0
17.8895 -1.38552 -51.1589 0 -20.2822 0
18.3032 -1.22755 -51.2165 0 -20.3379 0
18.6379 -1.08658 -51.2126 0 -20.5896 0
19.0931 -0.895148 -51.1348 0 -20.5896 0
19.4888 -0.757045 -51.0672 0 -20.5896 0
19.8787 -0.744429 -51.0006 0 -20.5896 0
20.2847 -0.730446 -50.9313 0 -20.5896 0
20.6189 -0.720858 -50.8741 0 -20.5896 0
21.0942 -0.705199 -50.7929 0 -20.5159 0
21.4291 -0.620845 -50.7923 0 -20.264 0
21.8176 -0.680041 -50.8748 0 -20.2521 0
22.2692 -0.652942 -50.8868 0 -20.5926 0
22.612 -0.600136 -50.7884 0 -20.8608 0
22.9646 -0.538716 -50.5613 0 -21.1767 0
23.2091 -0.467737 -50.3107 0 -21.2285 0
23.498 -0.374149 -50.0083 0 -21.2285 0
23.775 -0.277324 -49.7184 0 -21.2285 0
24.0681 -0.148087 -49.3953 0 -21.3885 0
24.2534 -0.0515839 -49.0416 0 -21.689 0
24.3292 0.0335813 -48.6447 0 -21.9933 0
24.2864 0.0940464 -48.2732 0 -22.2746 0
24.1488 0.129784 -47.9403 0 -22.5456 0
23.8526 0.171929 -47.5875 0 -22.8928 0
23.5639 0.196338 -47.3592 0 -22.8928 0
23.2385 0.224739 -47.1018 0 -22.8928 0
22.9249 0.251542 -46.8538 0 -22.8928 0
22.6174 0.287766 -46.6106 0 -22.837 0
22.3601 0.319495 -46.323 0 -22.5467 0
22.1926 0.350884 -45.9648 0 -22.2492 0
22.1329 0.380691 -45.5704 0 -22.0711 0
22.0999 0.407535 -45.159 0 -22.0711 0
22.068 0.440465 -44.7612 0 -22.0711 0
22.0348 0.471517 -44.3471 0 -22.0711 0
22.0055 0.513048 -43.9817 0 -22.0711 0
21.9706 0.558825 -43.5463 0 -22.0711 0
21.9409 0.594254 -43.175 0 -22.0155 0
21.9799 0.634443 -42.7739 0 -21.77 0
22.0636 0.670707 -42.4015 0 -21.77 0
22.1566 0.666116 -41.988 0 -21.77 0
22.2495 0.638923 -41.5749 0 -21.77 0
22.3352 0.619439 -41.1938 0 -21.77 0
22.4225 0.607528 -40.8055 0 -21.77 0
22.5002 0.607914 -40.4601 0 -21.77 0
22.5564 0.607983 -40.0282 0 -22.0443 0
22.5098 0.60792 -39.6683 0 -22.1514 0
22.4398 0.607932 -39.2351 0 -22.1514 0
22.3748 0.607307 -38.8328 0 -22.1514 0
22.3129 0.607997 -38.4496 0 -22.1514 0
22.2561 0.607899 -38.0978 0 -22.1514 0
22.1814 0.888955 -37.6358 0 -22.1514 0
22.1199 0.858743 -37.255 0 -22.1514 0
22.0542 0.795489 -36.8485 0 -22.1514 0
21.9926 0.606896 -36.4673 0 -22.1514 0
21.9304 0.607997 -36.0825 0 -22.1514 0
21.8676 0.607623 -35.6937 0 -22.1514 0
21.8081 0.607895 -35.3255 0 -22.1514 0
21.7368 0.606351 -34.8844 0 -22.1514 0
21.6742 0.607968 -34.4971 0 -22.1514 0
21.6118 0.607495 -34.1106 0 -22.1514 0
21.5464 0.607499 -33.706 0 -22.1514 0
21.4856 0.607862 -33.3298 0 -22.1514 0
21.4151 0.607873 -32.8933 0 -22.1514 0
21.3624 0.607584 -32.5673 0 -22.1514 0
21.2922 0.607955 -32.133 0 -22.1514 0
21.2183 0.606171 -31.6757 0 -22.1514 0
21.1663 0.607755 -31.3537 0 -22.1514 0
21.0629 0.607673 -30.9869 0 -22.4381 0
20.8621 0.60769 -30.6441 0 -22.5554 0
20.6508 0.612231 -30.3101 0 -22.5554 0
20.438 0.633877 -29.974 0 -22.5554 0
20.1917 0.659365 -29.5748 0 -22.428 0
20.0683 0.682877 -29.2 0 -22.1873 0
19.9907 0.70657 -28.8092 0 -22.1873 0
19.9147 0.731311 -28.4271 0 -22.1873 0
19.8427 0.75292 -28.0646 0 -22.1873 0
19.7656 0.774844 -27.6767 0 -22.1873 0
19.6908 0.796703 -27.3001 0 -22.1873 0
19.6101 0.820277 -26.8942 0 -22.1873 0
19.5352 0.840954 -26.5171 0 -22.1148 0
19.5349 0.866449 -26.1089 0 -21.8074 0
19.6522 0.888746 -25.7327 0 -21.5108 0
19.8883 0.912357 -25.3292 0 -21.452 0
20.0893 0.932317 -24.9932 0 -21.452 0
20.2616 0.947777 -24.7051 0 -21.452 0
20.4944 0.972492 -24.316 0 -21.452 0
20.6812 0.991192 -24.0037 0 -21.452 0
20.8832 1.01024 -23.666 0 -21.452 0
21.0835 1.03031 -23.3314 0 -21.452 0
21.3241 1.03876 -22.9291 0 -21.452 0
21.5143 1.05241 -22.5833 0 -21.6315 0
21.6134 1.05277 -22.2003 0 -21.8073 0
21.6864 1.05258 -21.8075 0 -21.8073 0
21.759 1.05268 -21.4171 0 -21.8073 0
21.8037 1.05165 -21.0233 0 -22.0449 0
21.7637 1.05037 -20.6322 0 -22.1053 0
21.7208 1.04907 -20.2583 0 -22.1053 0
21.6716 1.04789 -19.8287 0 -22.1053 0
21.6491 1.04595 -19.4895 0 -21.9127 0
21.7079 1.04539 -19.0308 0 -21.8534 0
21.7629 1.04443 -18.6341 0 -21.8534 0
21.8114 1.04402 -18.2842 0 -21.8534 0
21.8708 1.02174 -17.8556 0 -21.8534 0
21.9197 0.987991 -17.5028 0 -21.8534 0
21.984 0.907005 -17.0384 0 -21.8534 0
22.0356 0.812455 -16.6662 0 -21.8534 0
22.086 0.693945 -16.3029 0 -21.8534 0
22.1469 0.517709 -15.8633 0 -21.8534 0
22.1993 0.24091 -15.4851 0 -21.8534 0
22.2528 0.241037 -15.099 0 -21.8534 0
22.3075 0.241845 -14.7043 0 -21.8534 0
22.3629 0.250915 -14.3046 0 -21.8534 0
22.4168 0.258066 -13.9155 0 -21.8534 0
22.4709 0.257725 -13.5255 0 -21.8534 0
22.5252 0.254136 -13.1337 0 -21.8534 0
22.5813 0.244158 -12.7287 0 -21.8534 0
22.6412 0.256294 -12.2963 0 -21.8534 0
22.6903 0.273931 -11.9423 0 -21.8534 0
22.746 0.275587 -11.5402 0 -21.8534 0
22.8008 0.274594 -11.1452 0 -21.8534 0
22.8544 0.257436 -10.758 0 -21.7938 0
22.9804 0.242388 -10.3753 0 -21.4906 0
23.1916 0.261682 -10.034 0 -21.4211 0
23.4101 0.277913 -9.69304 0 -21.4211 0
23.6458 0.27711 -9.32539 0 -21.4211 0
23.8634 0.274264 -8.986 0 -21.4211 0
24.0765 0.267453 -8.65349 0 -21.4211 0
24.2611 0.261496 -8.36564 0 -21.4211 0
24.4805 0.254545 -8.02324 0 -21.4211 0
24.7086 0.247691 -7.66751 0 -21.4762 0
24.8647 0.24088 -7.29022 0 -21.7837 0
24.9473 0.241119 -6.89779 0 -21.7837 0
25.0319 0.239623 -6.49628 0 -21.7837 0
25.1031 0.239642 -6.15778 0 -21.7837 0
25.1948 0.241176 -5.7225 0 -21.7837 0
25.2482 0.240347 -5.37077 0 -21.9977 0
25.1924 0.240458 -4.91042 0 -22.1661 0
25.1203 0.240744 -4.50274 0 -22.1661 0
25.0526 0.241142 -4.12 0 -22.1661 0
24.985 0.240714 -3.7373 0 -22.1661 0
24.868 0.241139 -3.35306 0 -22.4685 0
24.6785 0.239966 -2.98674 0 -22.4685 0
24.5085 0.241113 -2.66688 0 -22.5791 0
24.2731 0.241057 -2.3807 0 -22.7466 0
23.9994 0.24113 -2.08997 0 -22.7466 0
23.6959 0.240274 -1.76774 0 -22.7466 0
23.4198 0.24117 -1.47457 0 -22.7466 0
23.1353 0.24109 -1.17247 0 -22.7466 0
22.8928 0.237895 -0.91494 0 -22.7466 0
22.5608 0.159016 -0.562431 0 -22.7466 0
22.3108 0.0918429 -0.296943 0 -22.7466 0
22.0363 -0.0209062 -0.00546195 0 -22.6844 0
21.8207 -0.148737 0.3282 0 -22.3854 0
21.6895 -0.274348 0.691037 0 -22.3257 0
21.5762 -0.371633 1.01705 0 -22.3257 0
21.4436 -0.531368 1.3983 0 -22.3257 0
21.2375 -0.730615 1.84214 0 -22.64 0
20.9998 -0.914906 2.1278 0 -22.6969 0
20.7378 -1.091 2.43514 0 -22.6969 0
20.5229 -1.24175 2.68736 0 -22.6969 0
20.2524 -1.41627 3.00474 0 -22.6969 0
19.9909 -1.58254 3.31154 0 -22.6969 0
19.7321 -1.72998 3.61521 0 -22.6969 0
19.4781 -1.85872 3.91326 0 -22.6969 0
19.2254 -1.94533 4.20982 0 -22.6969 0
18.9205 -2.01441 4.56763 0 -22.6969 0
18.659 -2.04843 4.87448 0 -22.6969 0
18.4105 -2.0615 5.16605 0 -22.6969 0
18.1542 -2.02486 5.4667 0 -22.6969 0
17.9233 -1.943 5.73771 0 -22.6969 0
17.6441 -1.77776 6.06528 0 -22.6969 0
17.4001 -1.72966 6.35163 0 -22.6969 0
17.1163 -1.7749 6.68463 0 -22.6969 0
16.8584 -1.84739 6.98728 0 -22.6969 0
16.5989 -1.95024 7.29174 0 -22.6969 0
16.3357 -2.0853 7.60061 0 -22.6969 0
16.0747 -2.24963 7.90681 0 -22.6969 0
15.8505 -2.46648 8.16986 0 -22.6969 0
15.5862 -2.46538 8.47998 0 -22.6969 0
15.2862 -2.46608 8.83199 0 -22.6969 0
15.0236 -2.37657 9.14012 0 -22.6969 0
14.8145 -2.37636 9.38551 0 -22.6969 0
14.5471 -2.37662 9.69928 0 -22.6969 0
14.2922 -2.37621 9.99837 0 -22.6969 0
14.0292 -2.46575 10.307 0 -22.6969 0
13.7267 -2.46568 10.6619 0 -22.6969 0
13.4795 -2.46544 10.952 0 -22.6969 0
13.2279 -2.46538 11.2472 0 -22.6969 0
12.9901 -2.46548 11.5262 0 -22.6969 0
12.7145 -2.46537 11.8496 0 -22.6969 0
12.4577 -2.38536 12.1509 0 -22.6969 0
12.1864 -2.38583 12.4693 0 -22.6969 0
11.9352 -2.46545 12.7641 0 -22.6969 0
11.6605 -2.38511 13.0865 0 -22.6969 0
11.452 -2.4501 13.3564 0 -22.5034 0
11.2221 -2.46559 13.7652 0 -22.5034 0
11.0357 -2.4654 14.0966 0 -22.5034 0
10.8402 -2.46541 14.4342 0 -22.6269 0
10.5977 -2.46548 14.7031 0 -22.79 0
10.2743 -2.46551 15.0179 0 -22.79 0
10.0092 -2.46535 15.2759 0 -22.79 0
9.69436 -2.46552 15.5824 0 -22.79 0
9.46237 -2.46542 15.864 0 -22.5156 0
9.26113 -2.39868 16.2509 0 -22.462 0
9.09286 -2.38456 16.5815 0 -22.462 0
8.91875 -2.37534 16.9236 0 -22.462 0
8.73978 -2.37522 17.2752 0 -22.462 0
8.5523 -2.37567 17.6435 0 -22.462 0
8.38585 -2.37379 17.9706 0 -22.462 0
8.20447 -2.37316 18.3269 0 -22.462 0
8.00419 -2.37014 18.7204 0 -22.462 0
7.8286 -2.36629 19.0654 0 -22.462 0
7.64821 -2.3612 19.4558 0 -22.2699 0
7.58117 -2.35143 19.8369 0 -22.0956 0
7.5426 -2.33966 20.2047 0 -22.0956 0
7.50272 -2.32352 20.5849 0 -22.0956 0
7.38839 -2.2994 21.0332 0 -22.4444 0
7.23894 -2.28902 21.3401 0 -22.4444 0
7.06542 -2.26762 21.6963 0 -22.4444 0
6.85137 -2.24499 22.1359 0 -22.4444 0
6.71634 -2.22287 22.4131 0 -22.4444 0
6.47108 -2.19579 22.7784 0 -22.7226 0
6.23059 -2.1745 23.0463 0 -22.7226 0
5.96379 -2.14992 23.3436 0 -22.7226 0
5.66111 -2.12029 23.6809 0 -22.7226 0
5.36278 -2.09583 23.9426 0 -23.0212 0
5.01115 -2.07186 24.1017 0 -23.3116 0
4.62707 -2.05453 24.1534 0 -23.6032 0
4.23198 -2.04119 24.1159 0 -23.6726 0
3.84284 -2.03075 24.0727 0 -23.6726 0
3.45208 -2.01529 24.0292 0 -23.6726 0
2.98793 -1.99601 23.9777 0 -23.6726 0
2.59513 -1.97721 23.9196 0 -23.852 0
2.2274 -1.9588 23.7759 0 -23.9695 0
1.85709 -1.9249 23.616 0 -23.9695 0
1.50518 -1.89416 23.4641 0 -23.9695 0
1.17772 -1.8674 23.2958 0 -24.1921 0
0.875328 -1.83869 23.0753 0 -24.1921 0
0.511767 -1.80491 22.8101 0 -24.1921 0
0.227649 -1.78087 22.6029 0 -24.1921 0
-0.0786148 -1.75574 22.31 0 -24.4573 0
-0.341484 -1.72984 21.9819 0 -24.4573 0
-0.553495 -1.71241 21.6637 0 -24.5945 0
-0.74612 -1.69535 21.3411 0 -24.5945 0
-0.950051 -1.67739 20.9512 0 -24.8174 0
-1.02663 -1.65226 20.5704 0 -25.1097 0
-1.00493 -1.62754 20.1899 0 -25.2239 0
-0.96876 -1.59737 19.7941 0 -25.2239 0
-0.928811 -1.57078 19.357 0 -25.2239 0
-0.892979 -1.55511 19.006 0 -25.3297 0
-0.770109 -1.53107 18.5775 0 -25.4386 0
-0.650291 -1.51526 18.198 0 -25.4386 0
-0.542114 -1.50062 17.8554 0 -25.4386 0
-0.405859 -1.48818 17.4238 0 -25.4386 0
-0.288081 -1.4857 17.0507 0 -25.4386 0
-0.183689 -1.47897 16.7201 0 -25.359 0
-0.124528 -1.47954 16.2824 0 -25.2276 0
-0.0892878 -1.47647 15.912 0 -25.2276 0
-0.0517954 -1.46966 15.518 0 -25.2276 0
-0.0146672 -1.46747 15.1279 0 -25.2276 0
0.029009 -1.46841 14.6689 0 -25.2276 0
0.0639632 -1.46921 14.3016 0 -25.2276 0
0.103956 -1.46648 13.8813 0 -25.2276 0
0.137691 -1.46402 13.5268 0 -25.2276 0
0.177802 -1.46484 13.1052 0 -25.2276 0
0.219015 -1.46935 12.6721 0 -25.2276 0
